32 216
33 215
33 214
33 213
33 212
33 211
34 210
34 209
34 208
34 207
34 206
34 205
35 204
35 203
35 202
35 201
36 200
36 199
36 198
36 197
37 196
37 195
37 194
37 193
37 192
37 191
38 190
38 189
38 188
38 187
38 186
39 185
40 184
40 183
40 182
40 181
40 180
40 179
41 178
41 177
41 176
42 175
42 174
43 173
43 172
43 171
43 170
43 169
44 168
44 167
44 166
45 165
45 164
45 163
45 162
45 161
45 160
45 159
45 158
45 157
45 156
45 155
45 154
46 153
47 152
48 151
49 151
50 150
51 149
52 148
53 147
54 146
54 145
54 144
54 143
55 142
56 142
57 141
58 140
59 139
60 138
61 138
62 137
63 136
64 135
65 134
65 133
66 133
67 133
68 132
69 131
70 130
71 130
72 129
73 128
74 127
75 126
76 126
77 125
78 124
79 123
80 122
81 121
82 120
83 119
83 118
84 117
85 117
86 116
87 115
88 114
89 113
90 112
91 111
91 110
91 109
91 108
91 107
91 106
91 105
91 104
92 103
92 102
92 101
92 100
92 99
92 98
93 97
93 96
93 95
94 94
95 93
96 92
97 91
98 90
98 89
99 88
99 87
99 86
99 85
100 84
100 83
100 82
100 81
100 80
101 79
102 78
103 77
103 76
104 75
105 74
105 73
105 72
106 71
107 70
107 69
108 68
109 67
109 66
110 65
110 64
111 63
111 62
111 61
112 60
112 59
113 58
113 57
114 56
115 55
116 54
116 53
117 52
118 51
118 50
119 49
120 48
121 48
122 47
123 46
124 45
125 44
126 44
127 43
128 42
129 41
130 40
130 39
131 39
132 38
133 37
134 36
135 35
136 35
137 34
138 34
139 34
140 34
141 34
142 34
143 34
144 34
145 33
146 33
147 33
148 33
149 33
150 33
151 33
152 32
153 32
154 32
155 32
156 32
157 32
158 32
159 32
160 32
161 31
162 31
163 31
164 30
165 31
166 31
167 31
168 31
169 31
170 31
171 31
172 32
173 33
174 33
175 33
176 33
177 33
178 34
179 34
180 34
181 35
182 35
183 35
184 36
185 36
186 36
187 37
188 38
189 39
190 40
191 41
191 42
192 43
193 44
194 45
195 46
196 47
197 48
198 49
199 50
200 51
201 51
202 52
203 53
204 54
205 55
205 56
206 57
206 58
206 59
207 60
208 61
209 62
210 63
211 64
212 65
213 66
214 67
215 67
216 68
217 69
218 70
219 70
220 70
221 70
222 70
223 71
224 72
225 72
226 72
226 73
226 74
226 75
226 76
226 77
227 78
227 79
228 80
228 81
228 82
228 83
228 84
229 85
230 86
231 87
232 88
233 88
234 88
235 88
236 88
237 89
238 90
239 90
240 90
241 90
242 90
243 90
244 90
245 89
246 89
247 89
248 89
249 89
250 89
251 89
252 89
253 89
254 89
255 89
256 89
257 89
258 90
259 90
260 90
261 90
262 90
263 91
264 91
265 91
266 91
267 92
268 93
269 93
270 94
270 95
271 96
272 97
273 98
274 99
275 100
276 101
277 101
278 102
279 103
280 104
281 104
282 105
282 106
282 107
282 108
282 109
282 110
283 111
283 112
283 113
283 114
283 115
283 116
283 117
283 118
283 119
284 120
284 121
284 122
284 123
284 124
284 125
285 126
285 127
285 128
285 129
285 130
285 131
285 132
286 133
286 134
286 135
286 136
286 137
286 138
286 139
286 140
286 141
286 142
287 143
287 144
287 145
287 146
287 147
287 148
288 149
289 150
289 151
289 152
289 153
289 154
290 155
290 156
290 157
290 158
291 159
291 160
291 161
291 162
291 163
291 164
291 165
291 166
291 167
290 168
290 169
289 170
289 171
288 172
288 173
288 174
287 175
286 176
286 177
286 178
286 179
286 180
286 181
286 182
286 183
286 184
286 185
286 186
286 187
285 188
285 189
285 190
285 191
285 192
285 193
285 194
285 195
285 196
285 197
285 198
285 199
285 200
285 201
285 202
284 203
284 204
284 205
284 206
283 207
282 208
282 209
282 210
282 211
282 212
282 213
282 214
282 215
282 216
282 217
282 218
281 219
281 220
281 221
281 222
281 223
281 224
280 225
279 226
279 227
278 228
278 229
278 230
278 231
277 232
277 233
277 234
277 235
277 236
276 237
276 238
276 239
276 240
276 241
276 242
276 243
275 244
275 245
275 246
275 247
275 248
275 249
275 250
275 251
275 252
275 253
274 254
273 255
273 256
273 257
273 258
273 259
273 260
273 261
272 262
272 263
271 264
271 265
270 266
270 267
270 268
270 269
270 270
270 271
270 272
270 273
270 274
270 275
269 276
268 277
268 278
268 279
268 280
268 281
268 282
268 283
269 284
269 285
269 286
268 287
268 288
268 289
268 290
268 291
268 292
267 293
266 294
265 295
265 296
264 297
263 297
262 298
261 298
260 298
259 298
258 298
257 298
256 298
255 299
254 299
253 300
252 300
251 301
250 301
249 301
248 301
247 300
246 299
245 299
244 299
243 298
242 298
241 298
240 298
239 298
238 298
237 298
236 299
235 300
234 301
233 302
233 303
233 304
233 305
232 306
232 307
231 307
230 308
229 308
228 308
227 308
226 309
225 310
224 311
223 312
222 313
222 314
222 315
222 316
221 317
221 318
221 319
220 320
219 321
218 322
218 323
218 324
217 325
216 326
215 327
214 327
213 328
212 329
211 330
210 331
209 332
209 333
208 334
208 335
207 336
206 337
205 338
204 338
203 338
202 338
201 338
200 339
199 340
198 341
197 341
196 342
195 343
194 343
193 344
192 345
191 345
190 346
189 347
188 348
187 349
186 350
185 351
184 351
183 351
182 352
181 353
180 354
179 355
178 356
178 357
178 358
178 359
177 360
177 361
177 362
176 362
175 362
174 363
173 364
172 364
171 364
170 364
169 364
168 364
167 364
166 365
165 365
164 365
163 364
162 364
161 364
160 364
159 364
158 364
157 364
156 363
155 363
154 362
153 362
152 362
151 361
150 361
149 361
148 361
147 361
146 361
145 361
144 361
143 361
142 361
141 361
140 361
139 361
138 361
137 360
136 360
135 359
134 359
133 359
132 358
131 357
130 356
129 356
128 355
127 355
126 355
125 355
124 355
123 354
122 353
121 353
121 352
120 351
119 350
118 349
117 348
116 347
115 346
114 346
113 345
112 344
111 344
110 343
109 343
108 343
107 343
107 342
106 341
105 340
104 339
103 338
102 337
101 337
100 336
99 335
98 334
97 333
96 332
95 332
95 331
95 330
95 329
95 328
95 327
94 326
93 325
92 324
91 323
90 322
89 322
88 322
87 321
87 320
87 319
87 318
87 317
87 316
86 315
86 314
86 313
86 312
85 311
85 310
85 309
86 308
87 307
87 306
87 305
87 304
87 303
87 302
87 301
87 300
87 299
87 298
86 297
86 296
86 295
86 294
86 293
86 292
86 291
86 290
85 289
84 288
83 287
82 286
81 285
80 284
79 283
78 283
77 283
76 283
75 283
74 283
73 283
72 283
71 283
70 284
69 284
68 284
67 284
66 285
65 284
64 283
63 283
62 283
61 283
60 283
59 283
58 283
57 283
56 283
55 284
54 284
53 284
52 284
51 284
50 283
49 283
49 282
48 281
47 280
47 279
47 278
47 277
47 276
46 275
45 274
45 273
44 272
43 271
43 270
43 269
43 268
43 267
43 266
42 265
42 264
41 263
41 262
41 261
41 260
41 259
41 258
41 257
41 256
41 255
41 254
40 253
39 252
38 251
38 250
38 249
38 248
38 247
38 246
38 245
38 244
37 243
37 242
37 241
37 240
37 239
36 238
35 237
34 236
34 235
34 234
34 233
34 232
34 231
34 230
34 229
34 228
34 227
34 226
34 225
34 224
34 223
33 222
32 221
32 220
32 219
32 218
32 217
